MEME version 5.1.1

Alphabet= ACDEFGHIKLMNPQRSTVWY

Background letter frequencies
A 0.050898 C 0.004670 D 0.080990 E 0.081249 F 0.025527 G 0.068486 H 0.018055 I 0.026668 K 0.036266 L 0.054685 M 0.011155 N 0.038238 P 0.079122 Q 0.029625 R 0.069472 S 0.214693 T 0.046747 V 0.044464 W 0.003580 Y 0.015409 

MOTIF xxSxxx_S_Pxxxxx    ..S...SP.....
letter-probability matrix: alength= 20 w= 13 nsites= 82 E= 1.3e-013
0.012195	0.000000	0.060976	0.048780	0.024390	0.024390	0.024390	0.036585	0.012195	0.012195	0.000000	0.060976	0.085366	0.036585	0.146341	0.268293	0.073171	0.048780	0.000000	0.024390	
0.048780	0.000000	0.048780	0.036585	0.024390	0.060976	0.036585	0.024390	0.060976	0.060976	0.012195	0.024390	0.097561	0.048780	0.207317	0.085366	0.024390	0.048780	0.012195	0.036585	
0.000000	0.000000	0.000000	0.000000	0.000000	0.000000	0.000000	0.000000	0.000000	0.000000	0.000000	0.000000	0.000000	0.000000	0.000000	1.000000	0.000000	0.000000	0.000000	0.000000	
0.048780	0.024390	0.085366	0.060976	0.024390	0.073171	0.024390	0.024390	0.024390	0.036585	0.024390	0.036585	0.243902	0.036585	0.085366	0.024390	0.012195	0.048780	0.012195	0.048780	
0.073171	0.012195	0.048780	0.060976	0.012195	0.036585	0.000000	0.024390	0.012195	0.036585	0.024390	0.060976	0.207317	0.012195	0.024390	0.256098	0.024390	0.060976	0.000000	0.012195	
0.060976	0.024390	0.036585	0.036585	0.036585	0.048780	0.012195	0.000000	0.000000	0.048780	0.024390	0.024390	0.121951	0.085366	0.146341	0.170732	0.036585	0.048780	0.000000	0.036585	
0.000000	0.000000	0.000000	0.000000	0.000000	0.000000	0.000000	0.000000	0.000000	0.000000	0.000000	0.000000	0.000000	0.000000	0.000000	1.000000	0.000000	0.000000	0.000000	0.000000	
0.000000	0.000000	0.000000	0.000000	0.000000	0.000000	0.000000	0.000000	0.000000	0.000000	0.000000	0.000000	1.000000	0.000000	0.000000	0.000000	0.000000	0.000000	0.000000	0.000000	
0.024390	0.000000	0.012195	0.097561	0.024390	0.036585	0.000000	0.060976	0.073171	0.012195	0.000000	0.000000	0.231707	0.024390	0.158537	0.158537	0.024390	0.048780	0.000000	0.012195	
0.097561	0.000000	0.036585	0.060976	0.012195	0.036585	0.036585	0.048780	0.109756	0.073171	0.000000	0.036585	0.109756	0.024390	0.073171	0.109756	0.036585	0.048780	0.000000	0.048780	
0.097561	0.012195	0.048780	0.060976	0.036585	0.048780	0.024390	0.024390	0.073171	0.048780	0.012195	0.024390	0.048780	0.048780	0.085366	0.158537	0.048780	0.073171	0.012195	0.012195	
0.048780	0.000000	0.024390	0.036585	0.012195	0.048780	0.024390	0.048780	0.048780	0.097561	0.000000	0.036585	0.134146	0.012195	0.109756	0.170732	0.000000	0.085366	0.000000	0.060976	
0.024390	0.000000	0.036585	0.121951	0.012195	0.085366	0.024390	0.036585	0.048780	0.036585	0.012195	0.060976	0.121951	0.048780	0.109756	0.146341	0.012195	0.036585	0.012195	0.012195	

MOTIF xxxxxx_S_Pxxxxx    ......SP.....
letter-probability matrix: alength= 20 w= 13 nsites= 173 E= 4.7e-022
0.046243	0.011561	0.040462	0.034682	0.017341	0.075145	0.017341	0.052023	0.057803	0.086705	0.017341	0.017341	0.121387	0.040462	0.121387	0.144509	0.028902	0.046243	0.000000	0.023121	
0.023121	0.000000	0.057803	0.040462	0.017341	0.057803	0.040462	0.040462	0.023121	0.069364	0.011561	0.034682	0.132948	0.040462	0.109827	0.196532	0.040462	0.052023	0.000000	0.011561	
0.086705	0.000000	0.086705	0.052023	0.052023	0.075145	0.017341	0.034682	0.040462	0.104046	0.005780	0.057803	0.052023	0.086705	0.144509	0.000000	0.052023	0.034682	0.000000	0.017341	
0.046243	0.000000	0.046243	0.057803	0.028902	0.075145	0.028902	0.017341	0.052023	0.075145	0.000000	0.046243	0.063584	0.040462	0.202312	0.167630	0.017341	0.017341	0.000000	0.017341	
0.040462	0.005780	0.052023	0.034682	0.046243	0.046243	0.023121	0.017341	0.040462	0.069364	0.005780	0.046243	0.167630	0.023121	0.057803	0.236994	0.023121	0.052023	0.000000	0.011561	
0.086705	0.000000	0.040462	0.063584	0.034682	0.098266	0.023121	0.034682	0.023121	0.086705	0.017341	0.023121	0.144509	0.057803	0.109827	0.092486	0.023121	0.011561	0.000000	0.028902	
0.000000	0.000000	0.000000	0.000000	0.000000	0.000000	0.000000	0.000000	0.000000	0.000000	0.000000	0.000000	0.000000	0.000000	0.000000	1.000000	0.000000	0.000000	0.000000	0.000000	
0.000000	0.000000	0.000000	0.000000	0.000000	0.000000	0.000000	0.000000	0.000000	0.000000	0.000000	0.000000	1.000000	0.000000	0.000000	0.000000	0.000000	0.000000	0.000000	0.000000	
0.047337	0.029586	0.053254	0.041420	0.023669	0.047337	0.000000	0.029586	0.065089	0.023669	0.029586	0.023669	0.112426	0.029586	0.071006	0.189349	0.065089	0.100592	0.005917	0.011834	
0.076923	0.005917	0.029586	0.029586	0.017751	0.047337	0.053254	0.023669	0.053254	0.076923	0.000000	0.041420	0.159763	0.017751	0.082840	0.153846	0.053254	0.059172	0.000000	0.017751	
0.065476	0.000000	0.077381	0.077381	0.011905	0.059524	0.017857	0.041667	0.017857	0.077381	0.017857	0.053571	0.089286	0.017857	0.089286	0.172619	0.029762	0.059524	0.000000	0.023810	
0.101190	0.000000	0.047619	0.053571	0.005952	0.071429	0.017857	0.029762	0.035714	0.035714	0.011905	0.071429	0.130952	0.041667	0.107143	0.113095	0.041667	0.041667	0.017857	0.023810	
0.083333	0.000000	0.041667	0.035714	0.029762	0.095238	0.023810	0.035714	0.089286	0.035714	0.005952	0.053571	0.107143	0.041667	0.107143	0.119048	0.029762	0.047619	0.000000	0.017857	

MOTIF xxxxxx_S_xxExxx    ......S..E...
letter-probability matrix: alength= 20 w= 13 nsites= 157 E= 1.9e-003
0.057325	0.006369	0.082803	0.121019	0.012739	0.082803	0.025478	0.012739	0.050955	0.038217	0.019108	0.038217	0.031847	0.025478	0.140127	0.127389	0.063694	0.063694	0.000000	0.000000	
0.025478	0.006369	0.133758	0.108280	0.019108	0.070064	0.019108	0.044586	0.063694	0.070064	0.012739	0.044586	0.038217	0.019108	0.044586	0.133758	0.044586	0.063694	0.000000	0.038217	
0.044586	0.000000	0.127389	0.127389	0.038217	0.057325	0.012739	0.019108	0.031847	0.095541	0.019108	0.019108	0.038217	0.012739	0.063694	0.114650	0.076433	0.070064	0.000000	0.031847	
0.019108	0.006369	0.178344	0.178344	0.019108	0.082803	0.006369	0.038217	0.050955	0.050955	0.006369	0.012739	0.025478	0.025478	0.050955	0.203822	0.012739	0.025478	0.000000	0.006369	
0.050955	0.000000	0.159236	0.184713	0.012739	0.057325	0.006369	0.050955	0.025478	0.050955	0.000000	0.025478	0.025478	0.019108	0.038217	0.159236	0.025478	0.082803	0.000000	0.025478	
0.063694	0.019108	0.152866	0.159236	0.025478	0.095541	0.012739	0.025478	0.019108	0.044586	0.019108	0.031847	0.012739	0.025478	0.050955	0.127389	0.031847	0.063694	0.000000	0.019108	
0.000000	0.000000	0.000000	0.000000	0.000000	0.000000	0.000000	0.000000	0.000000	0.000000	0.000000	0.000000	0.000000	0.000000	0.000000	1.000000	0.000000	0.000000	0.000000	0.000000	
0.038217	0.000000	0.248408	0.222930	0.031847	0.082803	0.006369	0.019108	0.012739	0.076433	0.012739	0.031847	0.000000	0.025478	0.019108	0.101911	0.000000	0.070064	0.000000	0.000000	
0.038217	0.006369	0.203822	0.159236	0.012739	0.082803	0.012739	0.006369	0.025478	0.019108	0.012739	0.019108	0.044586	0.019108	0.025478	0.191083	0.050955	0.063694	0.000000	0.006369	
0.000000	0.000000	0.000000	1.000000	0.000000	0.000000	0.000000	0.000000	0.000000	0.000000	0.000000	0.000000	0.000000	0.000000	0.000000	0.000000	0.000000	0.000000	0.000000	0.000000	
0.031847	0.000000	0.152866	0.286624	0.012739	0.031847	0.019108	0.038217	0.057325	0.057325	0.012739	0.019108	0.019108	0.025478	0.031847	0.089172	0.038217	0.057325	0.006369	0.012739	
0.038217	0.012739	0.140127	0.171975	0.006369	0.057325	0.025478	0.031847	0.057325	0.070064	0.012739	0.050955	0.057325	0.044586	0.012739	0.140127	0.025478	0.012739	0.006369	0.025478	
0.019231	0.012821	0.166667	0.153846	0.012821	0.076923	0.012821	0.038462	0.070513	0.051282	0.006410	0.032051	0.064103	0.025641	0.044872	0.076923	0.057692	0.064103	0.000000	0.012821	

MOTIF xxxRSx_S_xxxxxx    ...RS.S......
letter-probability matrix: alength= 20 w= 13 nsites= 41 E= 1.5e-008
0.121951	0.000000	0.000000	0.048780	0.024390	0.048780	0.048780	0.024390	0.024390	0.073171	0.024390	0.024390	0.097561	0.048780	0.146341	0.170732	0.024390	0.024390	0.000000	0.024390	
0.000000	0.000000	0.024390	0.024390	0.024390	0.024390	0.121951	0.000000	0.024390	0.073171	0.024390	0.000000	0.073171	0.024390	0.365854	0.073171	0.024390	0.073171	0.000000	0.024390	
0.000000	0.000000	0.000000	0.073171	0.000000	0.024390	0.024390	0.048780	0.048780	0.024390	0.024390	0.024390	0.024390	0.073171	0.195122	0.292683	0.024390	0.073171	0.000000	0.024390	
0.000000	0.000000	0.000000	0.000000	0.000000	0.000000	0.000000	0.000000	0.000000	0.000000	0.000000	0.000000	0.000000	0.000000	1.000000	0.000000	0.000000	0.000000	0.000000	0.000000	
0.000000	0.000000	0.000000	0.000000	0.000000	0.000000	0.000000	0.000000	0.000000	0.000000	0.000000	0.000000	0.000000	0.000000	0.000000	1.000000	0.000000	0.000000	0.000000	0.000000	
0.000000	0.000000	0.024390	0.000000	0.048780	0.073171	0.024390	0.073171	0.000000	0.219512	0.048780	0.000000	0.073171	0.000000	0.317073	0.000000	0.000000	0.048780	0.000000	0.048780	
0.000000	0.000000	0.000000	0.000000	0.000000	0.000000	0.000000	0.000000	0.000000	0.000000	0.000000	0.000000	0.000000	0.000000	0.000000	1.000000	0.000000	0.000000	0.000000	0.000000	
0.048780	0.000000	0.024390	0.121951	0.048780	0.073171	0.000000	0.097561	0.000000	0.048780	0.024390	0.000000	0.000000	0.024390	0.195122	0.097561	0.000000	0.146341	0.024390	0.024390	
0.048780	0.000000	0.073171	0.121951	0.000000	0.048780	0.000000	0.024390	0.000000	0.097561	0.000000	0.000000	0.048780	0.024390	0.000000	0.439024	0.048780	0.024390	0.000000	0.000000	
0.000000	0.000000	0.048780	0.000000	0.048780	0.024390	0.024390	0.000000	0.000000	0.048780	0.000000	0.073171	0.292683	0.000000	0.097561	0.243902	0.024390	0.024390	0.024390	0.024390	
0.024390	0.024390	0.097561	0.073171	0.024390	0.073171	0.000000	0.048780	0.000000	0.121951	0.000000	0.000000	0.146341	0.024390	0.000000	0.219512	0.073171	0.024390	0.000000	0.024390	
0.024390	0.000000	0.048780	0.024390	0.073171	0.073171	0.024390	0.024390	0.024390	0.121951	0.000000	0.121951	0.170732	0.024390	0.121951	0.048780	0.024390	0.048780	0.000000	0.000000	
0.048780	0.024390	0.073171	0.024390	0.048780	0.073171	0.048780	0.000000	0.024390	0.146341	0.024390	0.000000	0.097561	0.024390	0.048780	0.146341	0.024390	0.073171	0.024390	0.024390	

MOTIF xxxxxG_S_xxxxxx    .....GS......
letter-probability matrix: alength= 20 w= 13 nsites= 95 E= 5.9e-002
0.084211	0.021053	0.073684	0.063158	0.010526	0.094737	0.000000	0.042105	0.052632	0.084211	0.000000	0.010526	0.073684	0.021053	0.094737	0.189474	0.010526	0.042105	0.031579	0.000000	
0.063158	0.000000	0.042105	0.021053	0.042105	0.094737	0.000000	0.063158	0.073684	0.084211	0.031579	0.115789	0.042105	0.010526	0.084211	0.105263	0.042105	0.084211	0.000000	0.000000	
0.010526	0.000000	0.052632	0.063158	0.042105	0.063158	0.021053	0.021053	0.063158	0.094737	0.000000	0.021053	0.052632	0.021053	0.126316	0.210526	0.084211	0.052632	0.000000	0.000000	
0.063158	0.000000	0.094737	0.147368	0.073684	0.073684	0.000000	0.010526	0.021053	0.052632	0.000000	0.031579	0.094737	0.000000	0.052632	0.189474	0.021053	0.042105	0.000000	0.031579	
0.052632	0.000000	0.073684	0.084211	0.031579	0.094737	0.021053	0.031579	0.010526	0.073684	0.010526	0.105263	0.073684	0.000000	0.052632	0.200000	0.010526	0.031579	0.000000	0.042105	
0.000000	0.000000	0.000000	0.000000	0.000000	1.000000	0.000000	0.000000	0.000000	0.000000	0.000000	0.000000	0.000000	0.000000	0.000000	0.000000	0.000000	0.000000	0.000000	0.000000	
0.000000	0.000000	0.000000	0.000000	0.000000	0.000000	0.000000	0.000000	0.000000	0.000000	0.000000	0.000000	0.000000	0.000000	0.000000	1.000000	0.000000	0.000000	0.000000	0.000000	
0.042105	0.010526	0.094737	0.063158	0.115789	0.157895	0.021053	0.021053	0.000000	0.105263	0.010526	0.042105	0.000000	0.010526	0.052632	0.136842	0.031579	0.052632	0.021053	0.010526	
0.052632	0.010526	0.094737	0.084211	0.042105	0.105263	0.031579	0.042105	0.021053	0.063158	0.000000	0.073684	0.031579	0.021053	0.126316	0.147368	0.021053	0.010526	0.010526	0.010526	
0.073684	0.000000	0.115789	0.000000	0.042105	0.136842	0.031579	0.000000	0.031579	0.031579	0.042105	0.052632	0.021053	0.021053	0.042105	0.231579	0.063158	0.063158	0.000000	0.000000	
0.000000	0.000000	0.085106	0.074468	0.010638	0.085106	0.021277	0.063830	0.063830	0.106383	0.021277	0.095745	0.031915	0.010638	0.031915	0.223404	0.021277	0.031915	0.010638	0.010638	
0.074468	0.000000	0.074468	0.053191	0.031915	0.063830	0.021277	0.042553	0.063830	0.063830	0.031915	0.074468	0.106383	0.053191	0.042553	0.148936	0.031915	0.010638	0.000000	0.010638	
0.053191	0.000000	0.085106	0.106383	0.000000	0.095745	0.010638	0.010638	0.021277	0.095745	0.031915	0.031915	0.053191	0.042553	0.063830	0.138298	0.063830	0.085106	0.010638	0.000000	

